4294967293,131
4294967293,130
4294967293,129
4294967293,128
4294967293,127
4294967293,126
4294967293,125
4294967293,124
4294967293,123
4294967293,122
4294967293,121
4294967293,120
4294967293,119
4294967293,118
4294967293,117
4294967293,116
4294967293,115
4294967293,114
4294967293,113
4294967293,112
4294967293,111
4294967293,110
4294967293,109
4294967293,108
4294967293,107
4294967293,106
4294967293,105
4294967293,104
4294967293,103
4294967293,102
4294967293,101
4294967293,100
4294967293,99
4294967293,98
4294967293,97
4294967293,96
4294967293,95
4294967293,94
4294967293,93
4294967293,92
4294967293,91
4294967293,90
4294967293,89
4294967293,87
4294967293,86
4294967293,85
4294967293,84
4294967293,83
4294967293,82
4294967293,81
4294967293,80
4294967293,79
4294967293,78
4294967293,77
4294967293,76
4294967293,75
4294967293,74
4294967293,73
4294967293,72
4294967293,71
4294967293,70
4294967293,69
4294967293,68
4294967293,67
4294967293,66
4294967293,65
4294967293,64
4294967293,63
4294967293,62
4294967293,61
4294967293,60
4294967293,59
4294967293,58
4294967293,57
4294967293,56
4294967293,55
4294967293,54
4294967293,53
4294967293,52
4294967293,51
4294967293,50
4294967293,49
4294967293,48
4294967293,47
4294967293,46
4294967293,45
4294967293,44
4294967293,43
4294967293,42
4294967293,41
4294967293,40
4294967293,39
4294967293,38
4294967293,37
4294967293,36
4294967293,35
4294967293,34
4294967293,33
4294967293,32
4294967293,31
4294967293,30
4294967293,29
4294967293,28
4294967293,27
4294967293,26
4294967293,25
4294967293,24
4294967293,23
4294967293,22
4294967293,21
4294967293,20
4294967293,19
4294967293,18
4294967293,17
4294967293,16
4294967293,15
4294967293,14
4294967293,13
4294967293,12
4294967293,11
4294967293,10
4294967293,9
4294967293,8
4294967293,7
4294967293,6
4294967293,5
4294967293,4
4294967293,3
4294967278,97
4294967278,85
4294967278,84
4294967278,83
4294967278,82
4294967278,80
4294967278,79
4294967278,77
4294967278,76
4294967278,75
4294967278,74
4294967278,73
4294967278,72
4294967278,71
4294967278,69
4294967278,66
4294967278,61
4294967278,517
4294967278,51
4294967278,46
4294967278,45
4294967278,305
4294967278,44
4294967278,43
4294967278,42
4294967278,41
4294967278,40
4294967278,350
4294967278,39
4294967278,38
4294967278,36
4294967278,35
4294967278,34
4294967278,33
4294967278,32
4294967278,31
4294967278,30
4294967278,29
4294967278,28
4294967278,27
4294967278,26
4294967278,25
4294967278,24
4294967278,23
4294967278,22
4294967278,21
4294967278,20
4294967278,19
4294967278,18
4294967278,17
4294967278,16
4294967278,15
4294967278,14
4294967278,13
4294967278,12
4294967278,11
4294967278,10
4294967278,9
4294967278,8
4294967278,260
4294967278,2
4294967279,122
4294967279,113
4294967279,111
4294967279,227
4294967279,108
4294967279,88
4294967279,91
4294967279,49
4294967279,46
4294967279,45
4294967279,44
4294967279,43
4294967279,42
4294967279,40
4294967279,428
4294967279,39
4294967279,38
4294967279,36
4294967279,35
4294967279,174
4294967279,2
4294967294,1435
4294967294,1895
4294967294,1929
4294967294,1454
4294967294,24
4294967279,349
4294967279,371
1,0
4294967294,231
4294967294,229
4294967294,227
4294967294,225
4294967294,221
4294967294,219
4294967294,217
4294967294,216
4294967294,214
4294967294,213
4294967294,212
4294967294,208
4294967294,199
4294967294,829
4294967294,1566
4294967294,283
4294967294,825
4294967294,823
4294967294,1433
4294967294,822
4294967294,820
4294967294,130
4294967294,813
4294967294,797
4294967294,1926
4294967294,788
4294967294,138
4294967294,144
4294967294,785
4294967294,784
4294967294,782
4294967294,781
4294967294,780
4294967294,779
4294967294,778
4294967294,776
4294967294,775
4294967294,773
4294967294,557
4294967294,1095
4294967294,764
4294967294,763
4294967294,760
4294967294,758
4294967294,757
4294967294,755
4294967294,754
4294967294,752
4294967294,149
4294967294,140
4294967294,1492
4294967294,745
4294967294,743
4294967294,741
4294967294,739
4294967294,736
4294967294,732
4294967294,731
4294967294,730
4294967294,729
4294967294,727
4294967294,726
4294967294,725
4294967294,724
4294967294,722
4294967294,721
4294967294,718
4294967294,558
4294967294,714
4294967294,713
4294967294,712
4294967294,711
4294967294,710
4294967294,709
4294967294,708
4294967294,1586
4294967294,1930
4294967294,129
4294967294,567
4294967294,702
4294967294,696
4294967294,1415
4294967294,142
4294967294,145
4294967294,682
4294967294,570
4294967294,678
4294967294,72
4294967294,1927
4294967294,71
4294967294,1416
4294967294,664
4294967294,70
4294967294,655
4294967294,654
4294967294,651
4294967294,649
4294967294,1825
4294967294,648
4294967294,1096
4294967294,1101
4294967294,1088
4294967294,1142
4294967294,3
4294967294,641
4294967294,640
4294967294,639
4294967294,285
4294967294,638
4294967294,637
4294967294,107
4294967294,1418
4294967294,1822
4294967294,624
4294967294,623
4294967294,985
4294967294,621
4294967294,1922
4294967294,1431
4294967294,83
4294967294,1426
4294967294,988
4294967294,618
4294967294,1436
4294967294,82
4294967294,92
4294967294,91
4294967294,90
4294967294,88
4294967294,87
4294967294,86
4294967294,85
4294967294,1438
4294967294,1820
4294967294,1821
4294967294,1819
4294967294,1818
4294967294,1489
4294967294,591
4294967294,584
4294967294,1817
4294967294,582
4294967294,580
4294967294,577
4294967294,563
4294967294,560
4294967294,1131
4294967294,437
4294967294,554
4294967294,1138
4294967294,1474
4294967294,519
4294967294,1441
4294967294,1473
4294967294,1874
4294967294,99
4294967294,1
4294967294,428
4294967294,1129
4294967294,46
4294967294,1865
4294967294,51
4294967294,53
4294967294,1864
4294967294,389
4294967294,1128
4294967294,43
4294967294,1872
4294967294,45
4294967294,44
4294967294,1135
4294967294,2
4294967294,7
4294967294,8
4294967294,6
4294967294,9
4294967278,285
4294967278,218
4294967279,342
4294967279,340
4294967279,358
4294967279,332
4294967279,327
4294967278,340
4294967278,323
4294967278,559
4294967278,342
4294967278,531
4294967278,347
4294967278,383
4294967279,447
4294967278,230
4294967278,382
4294967278,381
4294967279,445
4294967279,237
4294967278,378
4294967278,535
4294967279,443
4294967294,1472
4294967294,1920
4294967294,187
4294967294,942
4294967294,1816
4294967294,1439
4294967294,1815
4294967294,1814
4294967294,1813
4294967294,1870
4294967294,1812
4294967294,1534
4294967294,1809
4294967294,1873
4294967294,1807
4294967294,1113
4294967294,1868
4294967294,422
4294967294,1804
4294967294,1499
4294967294,1803
4294967294,1856
4294967294,1801
4294967294,1800
4294967294,1470
4294967294,1542
4294967294,1796
4294967294,1459
4294967294,1445
4294967294,1794
4294967294,1792
4294967294,287
4294967294,1539
4294967294,1410
4294967294,1519
4294967294,1440
4294967294,289
4294967294,1543
4294967294,1545
4294967294,1132
4294967294,987
4294967294,84
4294967294,1133
4294967294,1118
4294967294,1134
4294967294,1130
4294967294,1857
4294967294,1862
4294967294,1863
4294967294,1860
4294967294,1136
4294967294,1114
4294967294,1911
4294967294,1871
4294967294,527
4294967294,522
4294967294,515
4294967294,1465
4294967294,520
4294967294,532
4294967294,531
4294967294,1449
4294967294,528
4294967294,430
4294967294,125
4294967294,1467
4294967294,444
4294967294,1462
4294967294,1463
4294967294,1909
4294967294,1451
4294967294,443
4294967294,1458
4294967294,1427
4294967294,1141
4294967294,1140
4294967294,1722
4294967294,1721
4294967294,1720
4294967294,1719
4294967294,1718
4294967294,1716
4294967294,1715
4294967294,1714
4294967294,1713
4294967294,1712
4294967294,1711
4294967294,1710
4294967294,1709
4294967294,1708
4294967294,1707
4294967294,1717
4294967294,1706
4294967278,528
4294967278,345
4294967279,446
4294967279,331
4294967278,380
4294967278,255
4294967279,396
4294967279,217
4294967279,244
4294967279,442
4294967279,444
4294967279,323
4294967278,571
4294967278,567
4294967278,303
4294967278,555
4294967279,242
4294967278,226
4294967279,233
4294967279,215
4294967279,437
4294967278,515
4294967278,514
4294967278,370
4294967278,379
4294967278,264
4294967278,376
4294967278,256
4294967278,375
4294967278,369
4294967279,440
4294967279,269
4294967279,267
4294967279,266
4294967278,374
4294967278,377
4294967278,300
4294967278,373
4294967278,372
4294967278,366
4294967279,419
4294967279,441
4294967278,368
4294967294,1540
4294967294,1523
4294967294,1527
4294967294,1536
4294967294,1537
4294967294,1505
4294967294,0
4294967294,1504
4294967294,1529
4294967294,1464
4294967294,1513
4294967294,1509
4294967294,1515
4294967294,1514
4294967294,1518
4294967294,1511
4294967294,1516
4294967294,1524
4294967294,1510
4294967294,1521
4294967294,1546
4294967294,1531
4294967294,1501
4294967294,1495
4294967294,1503
4294967294,1494
4294967294,257
4294967294,1491
4294967294,256
4294967294,52
4294967294,1490
4294967294,1496
4294967294,1498
4294967294,1486
4294967294,1533
4294967294,1506
4294967294,69
4294967294,38
4294967294,37
4294967294,124
4294967294,188
4294967294,393
4294967294,390
4294967294,1705
4294967294,1704
4294967294,1703
4294967294,1702
4294967294,1701
4294967294,1699
4294967294,1698
4294967294,1697
4294967294,1696
4294967294,1695
4294967294,1694
4294967294,1693
4294967294,1692
4294967294,1691
4294967294,1690
4294967294,1700
4294967294,1689
4294967294,1688
4294967294,1687
4294967294,1686
4294967294,1685
4294967294,1684
4294967294,1682
4294967294,1681
4294967294,1680
4294967294,1679
4294967294,1678
4294967294,1677
4294967294,1676
4294967294,1675
4294967294,1674
4294967294,1673
4294967294,1683
4294967294,1672
4294967294,1671
4294967294,1670
4294967294,1669
4294967294,1668
4294967294,1667
4294967294,1665
4294967294,1664
4294967294,1663
4294967294,1662
4294967294,1661
4294967294,1660
4294967294,1659
4294967294,1658
4294967294,1657
4294967294,177
4294967294,182
4294967294,1656
4294967294,1666
4294967294,1655
4294967294,1654
4294967294,971
4294967294,1653
4294967294,1652
4294967294,1651
4294967294,1650
4294967294,1648
4294967294,970
4294967294,1647
4294967294,1646
4294967294,972
4294967294,1645
4294967294,1644
4294967294,1643
4294967294,1642
4294967294,1641
4294967294,1417
4294967294,1640
4294967294,1639
4294967294,1649
4294967294,1638
4294967294,1637
4294967294,968
4294967294,1636
4294967294,1635
4294967294,1634
4294967294,1633
4294967294,1631
4294967294,1630
4294967294,1629
4294967294,1628
4294967294,1627
4294967294,1626
4294967294,1625
4294967294,1624
4294967294,1623
4294967294,1622
4294967294,1632
4294967294,1621
4294967294,1620
4294967294,1619
4294967294,1618
4294967294,1617
4294967294,1616
4294967294,1614
4294967294,1613
4294967294,1612
4294967294,1611
4294967294,1610
4294967294,1609
4294967294,1608
4294967294,1607
4294967294,1606
4294967294,1605
4294967294,174
4294967294,176
4294967294,1615
4294967294,1604
4294967294,1603
4294967294,1602
4294967294,1601
4294967294,1600
4294967294,383
4294967294,381
4294967294,380
4294967294,379
4294967294,378
4294967294,377
4294967294,376
4294967294,375
4294967294,374
4294967294,172
4294967294,373
4294967294,372
4294967294,171
4294967294,382
4294967294,371
4294967294,370
4294967294,369
4294967294,368
4294967294,367
4294967294,366
4294967294,364
4294967294,363
4294967294,362
4294967294,361
4294967294,360
4294967294,359
4294967294,358
4294967294,357
